260,4
260,3
260,2
260,1
260,0
259,3
259,2
259,1
259,0
258,4
258,3
258,2
258,1
258,0
257,3
257,2
257,1
257,0
256,3
256,2
256,1
256,0
255,4
255,3
255,2
255,1
255,0
254,4
254,3
254,2
254,1
254,0
0,562
253,4
253,3
253,2
253,1
253,0
252,3
252,2
252,1
252,0
251,4
251,3
251,2
251,1
251,0
250,3
250,2
250,1
250,0
249,3
249,2
249,1
249,0
248,4
248,3
248,2
248,1
248,0
247,4
247,3
247,2
247,1
247,0
0,561
246,4
246,3
246,2
246,1
246,0
245,3
245,2
245,1
245,0
244,4
244,3
244,2
244,1
244,0
243,3
243,2
243,1
243,0
242,3
242,2
242,1
242,0
241,4
241,3
241,2
241,1
241,0
240,4
240,3
240,2
240,1
240,0
0,560
239,4
239,3
239,2
239,1
239,0
238,3
238,2
238,1
238,0
237,4
237,3
237,2
237,1
237,0
236,3
236,2
236,1
236,0
235,3
235,2
235,1
235,0
234,4
234,3
234,2
234,1
234,0
233,4
233,3
233,2
233,1
233,0
232,4
232,3
232,2
232,1
232,0
231,3
231,2
231,1
231,0
230,4
230,3
230,2
230,1
230,0
229,3
229,2
229,1
229,0
228,3
